100
-970 -945 -923 -873 -831 -827 -806 -804 -747 -739 -702 -645 -622 -604 -595 -589 -539 -511 -434 -420 -412 -327 -320 -308 -307 -260 -254 -249 -219 -212 -199 -140 -100 -67 195 225 247 248 362 416 494 500 523 646 651 659 794 825 831 985 
-969 -892 -861 -802 -789 -749 -712 -704 -671 -670 -508 -479 -439 -352 -349 -268 -190 -131 -128 -106 -28 66 138 143 180 239 244 266 316 326 355 382 397 400 508 525 581 602 627 628 633 653 662 698 703 735 747 818 830 857 998 
-989 -945 -857 -744 -740 -686 -600 -548 -536 -528 -479 -472 -465 -431 -428 -424 -417 -355 -341 -340 -269 -268 -263 -224 -197 -170 -74 -5 15 159 174 237 271 304 333 364 473 510 579 581 593 622 703 705 712 727 728 828 860 954 
-946 -918 -908 -838 -795 -789 -781 -725 -700 -691 -568 -517 -451 -432 -277 -270 -253 -246 -152 -151 -150 -126 -122 -99 -79 -29 19 29 39 40 69 71 112 149 221 352 424 467 470 544 549 555 600 612 626 632 864 883 945 953 989 
-996 -817 -782 -758 -749 -728 -676 -633 -619 -572 -544 -517 -501 -498 -454 -433 -406 -351 -313 -291 -234 -225 -214 -158 -131 -128 -95 -25 37 100 114 262 302 323 395 410 644 697 715 741 761 831 834 853 899 940 945 947 952 984 
-934 -879 -875 -810 -778 -746 -701 -697 -607 -561 -554 -536 -487 -447 -405 -391 -360 -358 -270 -255 -238 -222 -129 -118 -19 4 23 29 67 71 99 131 164 189 249 322 383 449 465 479 609 639 656 688 802 852 860 874 890 920 965 
-978 -951 -889 -711 -657 -604 -565 -506 -402 -349 -308 -245 -223 -211 -202 -181 -146 -86 -60 58 140 168 200 284 300 333 354 451 469 504 531 540 548 551 579 617 634 668 698 706 718 746 791 813 815 818 860 881 893 986 
-993 -980 -971 -916 -866 -862 -853 -784 -759 -715 -697 -692 -647 -640 -632 -519 -446 -418 -417 -401 -399 -390 -338 -326 -272 -255 -251 -248 -40 -10 0 24 30 33 52 116 173 198 396 480 485 493 546 581 629 665 720 734 749 897 930 
-952 -936 -929 -926 -914 -795 -779 -724 -700 -635 -618 -604 -560 -502 -477 -414 -397 -361 -350 -312 -310 -308 -257 -242 -202 -125 -81 -80 -6 52 102 107 138 237 251 301 456 492 512 551 604 612 644 692 699 711 805 813 839 932 
-998 -997 -851 -838 -834 -652 -638 -623 -615 -601 -590 -559 -501 -496 -478 -455 -440 -421 -399 -388 -364 -327 -258 -236 -230 -214 -187 -171 -157 -132 -111 -77 -50 -19 -11 24 264 317 337 413 478 567 600 654 761 762 818 866 896 944 981 
-907 -819 -768 -704 -646 -602 -599 -591 -577 -561 -560 -555 -552 -505 -504 -440 -379 -337 -321 -243 -222 -25 67 93 116 142 166 183 371 378 393 502 554 586 597 608 640 645 677 715 728 738 743 788 823 845 854 857 872 900 
-974 -942 -930 -895 -875 -790 -748 -703 -697 -611 -603 -572 -493 -486 -399 -344 -340 -297 -138 -105 -59 -50 16 33 39 47 74 79 87 96 131 140 200 222 391 400 410 463 494 523 532 557 577 750 760 763 794 809 850 894 926 
-972 -941 -914 -910 -782 -694 -654 -625 -619 -600 -598 -581 -490 -411 -401 -355 -329 -324 -278 -110 -86 -60 -1 75 122 139 263 291 293 311 383 407 421 435 517 519 576 581 630 727 730 746 760 830 861 882 901 913 917 933 
-957 -903 -873 -830 -814 -660 -652 -566 -564 -536 -515 -408 -393 -361 -263 -201 -164 -145 -140 -118 -111 -89 -41 142 150 178 182 196 232 244 332 337 338 365 386 430 446 452 470 532 610 617 681 731 748 754 755 765 832 929 948 
-984 -977 -947 -940 -934 -853 -825 -793 -787 -779 -651 -541 -415 -385 -315 -267 -129 -109 -71 -59 -16 -12 23 29 33 77 180 225 256 265 363 379 474 586 606 625 693 737 770 788 814 840 885 892 911 934 935 975 996 998 
-987 -969 -797 -761 -591 -584 -545 -512 -486 -368 -321 -319 -226 -209 -147 -123 -91 -75 5 18 43 50 71 135 170 176 195 203 222 284 299 437 468 490 500 509 517 520 522 592 631 667 706 744 808 826 909 912 978 983 985 
-989 -935 -837 -802 -768 -669 -668 -632 -607 -483 -432 -378 -352 -278 -262 -233 -188 -177 -86 -64 -17 11 19 168 176 193 203 214 262 300 363 373 379 403 435 493 503 525 602 603 614 713 759 795 797 915 916 926 960 976 
-992 -917 -909 -855 -845 -836 -814 -766 -735 -665 -642 -486 -420 -409 -365 -353 -349 -333 -330 -298 -296 -283 -239 -154 -140 -125 -76 -71 -53 -49 -39 36 84 101 196 206 295 383 505 591 650 651 685 717 725 777 791 855 921 934 941 
-923 -870 -849 -846 -814 -802 -738 -644 -638 -597 -572 -569 -554 -527 -519 -496 -484 -475 -459 -368 -362 -329 -197 -183 -179 67 74 86 106 213 224 306 340 342 419 436 446 452 459 577 602 776 781 790 814 843 901 957 982 996 
-994 -896 -756 -689 -667 -647 -614 -606 -604 -594 -573 -510 -501 -436 -350 -327 -290 -248 -133 -132 -127 -117 -98 -97 -57 58 83 97 141 158 236 267 329 343 444 503 515 597 600 613 628 663 680 684 793 858 884 888 958 977 981 
-980 -937 -861 -848 -830 -710 -688 -617 -387 -378 -238 -226 -189 -158 -118 -102 -98 -65 -64 -51 52 59 105 139 168 180 261 301 310 317 359 376 492 558 621 668 682 706 710 718 737 760 775 786 805 825 852 874 893 971 
-987 -962 -840 -817 -778 -768 -683 -673 -608 -546 -532 -449 -429 -415 -305 -243 -207 -155 -153 -84 -49 2 79 121 140 150 204 209 212 373 433 436 468 483 501 508 551 552 583 612 662 670 711 728 793 800 810 821 828 859 951 
-973 -967 -964 -816 -792 -732 -714 -658 -623 -559 -553 -514 -495 -479 -454 -393 -374 -361 -268 -245 -90 15 22 187 276 316 349 354 356 359 365 402 468 524 557 568 578 610 624 662 698 704 718 721 821 884 910 911 960 963 
-950 -912 -864 -802 -777 -756 -694 -684 -676 -572 -551 -507 -447 -354 -349 -320 -281 -146 -107 -68 -52 -35 -3 17 57 59 77 82 121 125 138 156 175 198 248 350 403 500 567 569 570 591 629 630 664 678 681 713 845 926 945 
-959 -923 -881 -862 -844 -738 -703 -601 -596 -595 -569 -548 -534 -527 -487 -472 -432 -413 -404 -338 -303 -282 -236 -213 -204 -190 -75 -46 -38 -2 50 99 105 144 203 285 339 345 347 352 589 723 749 796 884 936 938 953 964 976 
-947 -926 -895 -876 -825 -794 -780 -752 -739 -675 -597 -594 -586 -514 -503 -436 -412 -384 -310 -296 -271 -268 -187 -157 -151 -121 -120 -43 -3 33 40 121 125 193 220 262 280 372 400 436 491 500 542 591 657 663 739 893 903 905 934 
-983 -879 -845 -756 -651 -646 -564 -545 -528 -521 -518 -467 -428 -410 -394 -338 -273 -238 -202 -166 -87 52 88 181 282 293 328 336 400 418 433 463 495 592 598 660 717 761 774 788 808 860 865 868 886 909 916 940 947 963 
-992 -973 -953 -865 -854 -839 -813 -782 -769 -700 -589 -522 -393 -385 -351 -320 -318 -290 -275 -251 -245 -206 -205 -177 -91 -85 -63 -26 42 104 113 140 153 234 283 292 311 344 379 389 434 445 465 510 590 625 707 735 740 833 899 
-994 -986 -858 -847 -835 -779 -701 -662 -645 -534 -523 -517 -418 -405 -400 -370 -364 -347 -339 -326 -307 -261 -158 -138 -133 -74 15 36 53 113 210 235 401 405 420 440 559 581 595 604 617 663 687 706 782 893 895 914 950 985 
-1000 -987 -984 -961 -894 -842 -830 -811 -805 -767 -680 -636 -543 -540 -539 -468 -443 -377 -234 -226 -191 -75 -53 -34 26 29 127 141 145 231 263 337 340 370 374 387 412 483 513 521 564 632 640 678 695 699 755 761 807 820 970 
-984 -977 -924 -834 -782 -761 -726 -719 -628 -562 -473 -441 -402 -388 -314 -278 -262 -196 -192 -160 -137 -127 -110 -64 -50 -43 -15 115 173 190 253 293 313 346 516 531 572 590 650 651 655 667 668 714 726 750 854 952 966 982 
-982 -976 -969 -893 -875 -749 -696 -644 -595 -557 -449 -399 -395 -351 -328 -282 -175 -166 -164 -69 13 51 79 85 266 284 314 321 377 387 438 550 556 574 591 597 603 625 630 644 657 753 768 792 801 804 806 862 907 984 986 
-1000 -990 -948 -946 -909 -883 -822 -820 -796 -789 -767 -707 -669 -609 -532 -461 -426 -396 -334 -333 -328 -304 -238 -214 -213 -188 -46 -45 -28 -17 137 153 282 401 483 517 530 534 550 561 565 650 658 705 767 838 875 884 915 918 
-937 -914 -848 -846 -785 -774 -755 -704 -690 -679 -592 -498 -437 -400 -387 -375 -352 -225 -204 -160 -155 -134 -116 -108 -11 -10 46 57 89 142 196 266 275 301 307 327 395 444 484 506 576 618 638 660 667 677 729 730 779 868 954 
-943 -911 -666 -593 -502 -425 -420 -377 -288 -269 -244 -217 -191 -184 -177 -156 -86 -80 -51 -44 42 47 54 89 94 225 234 283 287 289 330 343 345 347 377 399 420 556 564 679 682 703 740 786 804 866 867 908 928 938 
-886 -885 -867 -860 -806 -787 -765 -726 -706 -700 -673 -637 -632 -557 -549 -495 -462 -431 -390 -358 -338 -333 -332 -325 -292 -278 -270 -227 -140 -115 -98 0 69 105 107 121 221 292 432 455 513 546 583 587 609 633 667 765 772 800 853 
-941 -932 -897 -869 -849 -847 -821 -783 -749 -735 -615 -545 -508 -440 -349 -336 -286 -284 -210 -138 -25 14 28 56 98 145 189 197 252 293 333 336 373 378 450 454 526 530 614 690 695 709 739 756 795 868 921 937 965 998 
-973 -860 -853 -832 -824 -822 -769 -712 -680 -649 -519 -431 -319 -310 -296 -292 -262 -250 -244 -202 -105 -101 -62 -60 37 57 171 209 247 256 261 291 479 510 511 621 630 675 705 749 767 775 830 886 890 895 901 930 954 955 968 
-973 -954 -946 -890 -884 -879 -849 -747 -732 -653 -584 -537 -463 -299 -290 -282 -276 -222 -212 -161 -132 -112 -101 -54 122 217 265 325 346 370 404 449 477 486 524 582 609 615 673 701 722 783 811 812 865 867 877 881 889 1000 
-962 -947 -905 -848 -843 -825 -771 -636 -630 -615 -605 -597 -578 -572 -543 -409 -407 -405 -394 -336 -325 -320 -257 -239 -232 -74 -3 87 90 93 111 117 170 199 320 333 374 386 509 541 561 631 645 684 745 860 866 908 924 943 997 
-971 -872 -866 -810 -655 -633 -628 -622 -490 -488 -316 -279 -276 -261 -244 -233 -206 -154 -84 -73 -63 -14 46 62 118 161 164 180 216 228 248 260 299 341 352 354 470 569 583 638 644 668 702 713 733 813 896 990 991 995 
-995 -983 -916 -792 -770 -726 -725 -676 -639 -624 -614 -590 -529 -331 -262 -243 -193 -126 -92 -81 -41 13 22 179 199 215 219 339 348 376 379 423 497 529 543 573 627 628 647 661 699 838 860 907 908 911 936 938 950 952 963 
-910 -874 -855 -762 -728 -722 -649 -645 -610 -584 -542 -496 -486 -443 -437 -350 -270 -255 -245 -235 -221 -119 -114 -91 9 59 67 104 146 205 216 248 251 330 392 394 418 442 464 621 657 689 690 734 842 851 873 934 966 997 
-992 -977 -788 -753 -704 -702 -668 -662 -602 -596 -522 -497 -395 -393 -343 -312 -183 -161 -143 -128 -120 -116 -51 -8 34 36 38 51 60 130 133 171 179 235 241 262 320 370 435 466 508 614 663 696 715 717 808 888 897 919 973 
-863 -859 -842 -832 -753 -715 -699 -647 -635 -621 -579 -511 -508 -491 -467 -414 -335 -331 -205 -187 -109 -81 -75 -56 -37 107 121 188 234 280 315 350 358 413 419 457 477 527 545 576 687 726 738 741 790 814 849 914 976 984 
-977 -938 -930 -899 -888 -800 -741 -729 -721 -691 -655 -642 -558 -536 -533 -474 -470 -428 -423 -422 -393 -339 -245 -235 -147 -103 -58 2 42 134 148 149 294 367 434 435 476 478 542 546 555 627 651 685 689 732 757 775 898 986 996 
-956 -891 -885 -884 -841 -730 -726 -724 -711 -704 -641 -599 -420 -371 -360 -350 -299 -231 -208 -172 -152 -102 -99 -87 -75 -23 102 110 125 160 169 198 315 396 398 462 523 532 604 614 634 636 672 713 827 872 894 947 955 973 
-937 -867 -858 -814 -754 -697 -656 -559 -546 -487 -482 -455 -414 -392 -376 -368 -365 -285 -277 -246 -220 -182 -171 -129 -108 -103 -52 -37 -29 29 101 114 124 200 254 274 308 353 370 391 406 413 438 483 494 670 794 799 807 826 913 
-953 -942 -930 -877 -855 -839 -819 -799 -727 -715 -710 -641 -638 -585 -551 -507 -483 -416 -329 -191 -134 -96 -81 -41 -22 63 87 115 146 156 198 199 231 326 347 406 409 432 441 476 480 493 520 638 649 709 823 865 909 953 
-969 -965 -958 -868 -813 -781 -729 -602 -544 -529 -514 -441 -421 -396 -383 -312 -311 -256 -227 -224 -222 -215 -176 -138 -137 -82 -39 85 211 290 294 312 314 317 320 338 365 393 427 481 505 610 643 650 658 672 680 700 778 901 917 
-989 -920 -900 -899 -885 -846 -834 -701 -686 -622 -581 -537 -496 -460 -410 -391 -357 -290 -202 -169 -118 -109 -74 56 59 121 178 212 219 291 338 464 471 484 508 560 563 599 606 607 619 628 648 662 750 756 786 849 949 960 
-976 -911 -887 -872 -784 -729 -714 -705 -702 -611 -604 -518 -501 -450 -395 -394 -363 -325 -318 -75 -70 -14 64 71 112 123 180 242 273 285 301 339 376 405 422 453 456 498 550 590 653 655 681 748 779 823 869 890 910 927 933 
-919 -892 -877 -861 -848 -826 -817 -809 -791 -603 -512 -503 -455 -436 -402 -375 -358 -321 -279 -236 -217 -194 -183 -176 -100 -73 -43 58 170 183 246 267 285 322 344 481 496 552 558 658 660 673 709 740 764 779 809 846 956 987 
-922 -875 -815 -795 -749 -721 -609 -577 -572 -539 -469 -411 -347 -342 -270 -268 -253 -201 -186 -185 -182 -178 -146 -65 -44 -29 -19 -13 47 72 78 136 166 217 244 254 318 396 452 527 535 536 605 745 756 845 889 921 928 960 982 
-999 -932 -927 -908 -635 -624 -589 -519 -498 -472 -461 -431 -421 -374 -352 -332 -325 -266 -201 -173 -143 -68 -49 -28 -1 51 64 79 271 294 307 395 398 412 487 496 501 509 515 519 538 579 676 688 709 865 868 984 989 1000 
-879 -834 -806 -763 -762 -738 -629 -558 -554 -541 -468 -445 -440 -404 -385 -384 -271 -190 -171 -148 -120 -115 -58 21 36 106 114 156 192 256 332 380 405 444 486 539 624 641 656 692 707 737 772 778 843 872 874 905 921 931 936 
-992 -925 -881 -863 -858 -832 -787 -607 -596 -586 -454 -426 -416 -345 -272 -238 -209 -122 -111 -110 -36 -2 4 17 23 41 42 54 73 76 107 140 174 225 275 346 354 410 427 608 658 733 770 772 781 810 850 877 966 979 
-997 -942 -878 -860 -818 -683 -677 -676 -669 -667 -642 -630 -593 -591 -546 -453 -452 -436 -427 -341 -239 -214 -203 -199 -100 -43 -25 -22 13 51 116 119 171 178 291 366 368 390 407 450 596 607 620 632 740 820 879 881 883 932 1000 
-896 -895 -871 -867 -853 -754 -742 -702 -646 -612 -515 -507 -497 -492 -428 -410 -391 -329 -278 -271 -190 -177 -160 -149 -120 -118 -54 165 237 266 284 291 427 460 489 492 572 583 586 601 627 708 730 745 820 840 859 940 955 990 
-845 -837 -779 -720 -711 -669 -651 -555 -550 -530 -504 -411 -298 -201 -195 -122 -119 -107 -63 -62 -58 -41 -35 -29 -15 2 30 138 144 252 297 333 343 356 395 406 409 473 481 511 519 546 557 574 699 716 784 877 895 926 936 
-985 -891 -879 -697 -628 -623 -619 -606 -579 -569 -518 -434 -401 -360 -346 -323 -226 -184 -82 -3 7 69 117 125 126 129 173 180 189 209 225 262 273 294 295 327 433 570 645 656 696 717 800 827 860 898 963 973 985 999 
-1000 -881 -841 -822 -713 -671 -612 -609 -598 -549 -475 -459 -373 -363 -317 -296 -252 -251 -208 -198 -196 -190 -188 -94 -85 -20 -10 -1 29 73 116 134 141 171 176 235 267 443 445 592 664 677 683 703 731 859 864 899 939 967 981 
-959 -941 -928 -912 -892 -818 -633 -624 -540 -520 -511 -486 -480 -448 -413 -319 -294 -267 -257 -185 -159 -158 -65 -49 4 13 49 64 65 118 151 257 270 287 289 290 316 442 580 598 640 650 665 670 675 789 803 844 908 970 
-984 -881 -880 -815 -697 -688 -679 -650 -641 -547 -533 -498 -497 -373 -344 -276 -270 -228 -212 -163 -134 -98 -71 -48 10 34 171 238 278 307 322 402 412 474 491 499 513 515 546 572 677 699 718 817 827 838 840 857 878 968 977 
-954 -917 -873 -839 -806 -777 -766 -704 -612 -610 -582 -552 -535 -503 -496 -486 -477 -411 -355 -319 -279 -250 -148 -145 -127 -118 9 27 216 269 272 342 379 499 501 515 525 526 527 586 613 614 642 759 787 804 839 899 919 952 
-949 -920 -895 -825 -811 -717 -661 -656 -568 -565 -522 -498 -495 -487 -418 -417 -412 -370 -173 -113 -102 -90 22 73 84 183 204 209 212 238 273 279 313 320 323 350 363 376 490 500 511 523 678 714 793 875 904 934 955 962 972 
-993 -908 -907 -826 -759 -743 -726 -711 -667 -628 -592 -544 -503 -501 -497 -451 -399 -396 -354 -270 -207 -164 -142 -128 -27 36 48 157 209 223 274 283 305 343 389 464 477 604 608 739 768 845 862 866 894 918 932 972 977 985 
-898 -897 -811 -787 -775 -774 -720 -695 -596 -578 -549 -432 -428 -397 -383 -371 -307 -305 -165 -140 -137 -121 -113 -54 -52 -6 30 65 92 100 115 154 178 211 236 310 322 346 369 442 443 520 541 576 705 857 868 892 934 952 991 
-971 -948 -849 -807 -757 -722 -661 -657 -649 -571 -544 -538 -502 -464 -371 -306 -282 -275 -205 -50 -37 21 41 52 110 136 152 160 208 215 259 289 310 359 363 394 439 479 510 538 550 556 580 586 712 852 891 925 956 965 
-988 -975 -943 -925 -918 -906 -838 -796 -778 -738 -733 -723 -692 -612 -533 -500 -463 -321 -279 -257 -173 -141 -122 -80 -73 -30 37 92 117 177 225 229 253 357 402 404 418 433 447 518 568 628 683 701 796 822 824 840 881 950 982 
-977 -919 -874 -852 -814 -804 -770 -685 -633 -614 -476 -448 -413 -407 -376 -196 -130 -107 -77 -35 9 89 168 208 260 318 399 414 432 440 450 453 560 585 638 647 675 693 701 705 752 779 841 850 887 890 925 945 958 979 
-940 -934 -821 -753 -713 -682 -679 -580 -552 -506 -419 -383 -375 -363 -352 -341 -309 -306 -291 -279 -275 -256 -250 -247 -218 -165 -129 12 125 138 140 183 364 368 413 442 444 552 600 606 613 696 734 762 790 806 812 840 851 892 999 
-965 -944 -900 -853 -760 -758 -747 -649 -647 -640 -638 -634 -626 -560 -543 -542 -527 -491 -476 -465 -460 -443 -434 -390 -196 -76 -44 20 68 198 208 268 318 337 379 385 392 397 483 563 615 685 747 811 865 923 952 982 984 1000 
-982 -981 -963 -923 -912 -816 -800 -784 -775 -745 -736 -732 -660 -614 -503 -497 -463 -400 -396 -383 -295 -269 -158 -150 -119 -22 -6 55 82 106 230 246 249 260 263 278 411 450 465 481 581 612 642 673 687 758 810 875 894 936 954 
-980 -908 -890 -879 -836 -824 -763 -717 -616 -526 -520 -514 -439 -405 -365 -361 -360 -270 -185 -122 -95 -92 -62 20 34 117 205 226 294 316 341 354 424 436 528 590 674 688 711 738 761 777 786 794 805 806 817 832 921 943 
-983 -940 -877 -830 -827 -825 -787 -742 -724 -723 -719 -664 -570 -561 -517 -492 -463 -452 -445 -335 -323 -196 -170 -116 -77 -74 -58 26 133 153 162 206 219 233 351 353 372 391 422 567 615 624 708 733 753 845 847 855 934 944 981 
-979 -955 -941 -918 -874 -855 -833 -791 -764 -570 -523 -471 -396 -362 -335 -297 -219 -203 -193 -166 -153 -127 -44 -41 -19 2 141 221 248 258 265 266 308 317 331 342 437 438 470 474 491 536 591 767 781 818 831 863 955 977 
-952 -929 -885 -878 -849 -809 -793 -788 -778 -776 -703 -698 -684 -652 -601 -513 -473 -425 -324 -291 -254 -235 -196 -179 -150 -89 -86 -71 -55 -34 30 60 165 167 227 230 235 300 371 424 462 482 502 570 600 756 860 874 914 979 989 
-990 -951 -947 -876 -854 -808 -793 -791 -788 -764 -701 -699 -640 -637 -594 -546 -490 -452 -434 -425 -401 -339 -316 -183 -114 7 17 22 146 300 333 366 371 409 454 458 473 499 546 577 578 605 648 678 719 720 835 859 862 897 
-967 -941 -917 -831 -811 -782 -651 -648 -607 -543 -520 -508 -503 -476 -468 -415 -403 -390 -385 -357 -356 -240 -228 -226 -194 -153 -61 -9 70 166 188 242 437 455 469 508 511 527 530 582 636 713 726 739 746 781 810 843 866 902 937 
-956 -934 -917 -916 -913 -893 -882 -879 -815 -803 -688 -665 -587 -573 -477 -462 -448 -446 -344 -264 -263 -226 -184 -183 -176 -142 -43 0 7 111 113 133 212 216 235 250 289 365 479 504 527 536 656 682 715 751 754 842 947 962 
-999 -980 -967 -940 -808 -787 -760 -622 -620 -598 -564 -482 -445 -443 -438 -403 -400 -373 -345 -333 -198 -194 -191 -143 -71 -68 -33 -13 -2 64 121 125 140 219 252 283 310 316 337 419 450 556 587 707 793 798 854 858 905 919 954 
-995 -973 -887 -874 -809 -768 -723 -545 -539 -526 -422 -403 -379 -210 -179 -150 -105 -95 -89 -57 -30 -6 -2 20 112 124 173 249 274 283 348 484 487 543 544 562 566 575 631 640 643 682 688 705 742 856 883 940 968 974 
-972 -933 -918 -899 -808 -807 -746 -652 -649 -645 -618 -586 -561 -506 -443 -427 -366 -350 -252 -239 -220 -215 -212 -189 -92 -66 -53 -1 23 30 91 92 141 142 212 336 385 459 466 579 582 613 665 672 726 787 799 817 875 928 942 
-918 -698 -688 -676 -563 -497 -450 -443 -372 -317 -274 -272 -267 -258 -187 -167 -117 -116 -106 -54 -39 -34 -11 182 283 291 299 307 310 331 341 383 402 457 489 498 544 610 622 660 709 722 723 732 757 878 881 884 995 1000 
-988 -964 -925 -887 -878 -769 -672 -669 -648 -639 -627 -606 -498 -463 -383 -333 -278 -257 -222 -162 -99 -80 -62 3 13 25 32 42 56 183 187 253 316 372 415 470 497 503 506 511 545 563 628 724 790 879 898 900 925 947 982 
-924 -878 -874 -869 -836 -714 -592 -534 -518 -501 -465 -443 -439 -435 -428 -422 -393 -379 -378 -367 -350 -287 -273 -264 -254 -250 -222 -182 -135 -114 -62 -53 5 147 400 404 515 518 579 650 667 683 694 769 810 823 862 873 919 997 
-992 -979 -916 -893 -886 -879 -859 -707 -598 -593 -505 -478 -469 -415 -371 -343 -320 -206 -146 -121 -105 38 132 148 166 172 181 261 262 285 306 411 451 465 513 522 549 561 672 687 691 718 737 748 756 802 861 899 912 986 1000 
-940 -922 -888 -881 -872 -844 -767 -735 -725 -714 -710 -689 -651 -616 -611 -576 -572 -450 -447 -403 -286 -215 -117 -109 -29 -2 146 173 176 256 363 439 498 621 623 654 655 680 681 684 727 746 776 789 804 818 844 866 955 981 
-945 -918 -908 -874 -864 -832 -811 -765 -739 -727 -681 -674 -644 -628 -591 -551 -472 -446 -438 -337 -330 -321 -302 -217 -203 -148 -138 -91 -90 -17 65 117 142 155 162 252 274 343 422 436 510 522 589 675 782 828 891 908 917 956 967 
-891 -850 -844 -818 -811 -808 -770 -721 -703 -623 -620 -606 -601 -537 -535 -520 -492 -465 -439 -434 -425 -424 -413 -412 -386 -309 -216 -144 -30 2 18 69 199 206 223 288 318 320 486 520 588 662 666 689 736 741 790 882 927 937 
-923 -916 -893 -870 -847 -822 -788 -783 -733 -718 -644 -575 -484 -482 -444 -435 -382 -310 -308 -299 -279 -234 -169 20 30 48 144 172 233 252 278 323 346 446 507 594 613 718 733 761 779 798 858 910 922 924 931 942 944 954 992 
-949 -926 -885 -879 -863 -848 -782 -635 -582 -386 -347 -295 -245 -107 -47 -43 -3 5 56 68 163 169 251 253 264 280 341 425 436 473 493 595 597 604 609 627 646 677 706 711 741 772 773 789 810 811 845 941 967 976 
-963 -855 -795 -773 -771 -731 -705 -703 -686 -681 -623 -607 -576 -529 -471 -469 -468 -441 -349 -339 -328 -273 -265 -212 -162 -140 75 78 147 178 296 317 323 452 581 585 611 614 642 668 694 728 781 823 887 895 899 946 957 963 966 
-962 -948 -888 -845 -715 -614 -571 -528 -515 -456 -444 -397 -347 -345 -258 -239 -215 -211 -210 -152 -151 -145 -109 -10 44 47 49 58 107 111 129 138 154 158 274 298 326 348 353 369 379 431 452 531 538 546 554 772 926 955 
-954 -908 -831 -825 -814 -773 -745 -700 -672 -665 -610 -605 -538 -525 -512 -476 -376 -327 -276 -272 -190 -157 -58 -20 -5 -1 9 22 60 140 146 156 208 216 240 260 261 270 396 532 589 619 630 681 696 803 818 875 910 929 940 
-878 -853 -812 -753 -716 -685 -646 -632 -557 -553 -520 -514 -451 -410 -288 -270 -267 -232 -224 -216 -215 -205 -195 -137 -135 -122 -108 -89 -75 -47 -11 -2 119 136 236 241 280 287 341 352 387 406 413 466 494 545 649 932 951 976 
-988 -977 -974 -949 -884 -863 -855 -794 -789 -755 -689 -677 -626 -601 -504 -495 -479 -406 -386 -375 -271 -228 -194 -146 -38 -27 -25 2 74 98 124 131 144 200 225 337 407 501 544 644 668 671 687 773 793 847 853 894 898 909 927 
-984 -966 -891 -771 -680 -669 -650 -645 -631 -628 -569 -529 -485 -422 -411 -346 -325 -298 -133 -114 -66 15 76 132 141 165 187 251 286 300 346 418 468 476 505 513 557 565 574 618 654 690 711 713 773 831 877 925 954 964 
-971 -949 -918 -898 -870 -862 -733 -598 -487 -414 -284 -221 -141 -136 -25 -20 10 117 144 186 202 214 236 260 265 272 274 301 348 352 452 453 455 467 533 571 590 592 611 643 649 658 689 696 732 741 910 922 938 958 984 
-881 -870 -837 -795 -792 -737 -646 -644 -635 -606 -595 -577 -558 -551 -547 -542 -484 -465 -440 -338 -277 -191 -190 -181 -175 -107 -5 14 97 113 121 150 163 184 208 227 256 306 369 377 461 484 499 515 545 660 812 930 972 981 
-991 -975 -953 -941 -912 -801 -767 -705 -600 -562 -549 -497 -445 -408 -404 -403 -397 -368 -350 -269 -213 -135 -127 -95 -48 -20 43 104 119 168 174 251 270 292 384 386 408 462 475 476 557 575 603 704 706 888 919 929 935 962 985 
-997 -975 -958 -916 -839 -837 -815 -624 -603 -597 -516 -476 -438 -419 -383 -336 -325 -233 -191 -95 -72 -27 86 143 150 190 194 230 241 268 271 356 357 363 369 409 443 551 653 740 777 793 794 797 849 863 889 935 947 962 
-991 -940 -934 -931 -908 -884 -867 -856 -847 -818 -807 -769 -758 -698 -622 -552 -472 -415 -354 -337 -161 -113 -87 -85 -13 44 80 81 126 139 170 200 213 264 325 429 446 473 506 528 638 689 720 726 731 744 748 813 909 963 987 
-985 -982 -948 -902 -896 -790 -773 -696 -649 -645 -564 -544 -482 -435 -410 -409 -390 -362 -333 -304 -278 -199 -175 -126 9 19 28 75 120 126 163 184 192 274 276 328 346 447 506 512 524 565 638 641 652 740 902 939 948 952 
-974 -949 -931 -831 -814 -795 -771 -762 -753 -714 -693 -680 -652 -565 -452 -384 -321 -271 -217 -186 -82 -28 -13 137 151 159 231 238 239 248 306 336 404 428 469 481 580 593 615 616 748 780 800 827 891 894 954 955 970 980 985 
-989 -933 -885 -825 -821 -784 -776 -693 -661 -516 -453 -308 -204 -199 -139 -45 41 89 126 144 200 219 225 230 231 233 242 251 278 286 300 356 392 416 500 553 564 618 646 667 733 739 740 763 855 876 914 918 967 998 
-968 -954 -857 -815 -795 -788 -765 -733 -682 -669 -607 -562 -483 -459 -441 -412 -374 -360 -354 -322 -273 -210 -190 -172 -150 -102 15 85 86 112 129 149 157 213 274 342 367 386 481 527 571 583 584 675 688 693 823 830 867 869 943 
-904 -880 -763 -758 -755 -674 -643 -536 -530 -529 -485 -480 -394 -390 -349 -336 -260 -247 -231 -193 -167 -140 -125 -35 32 94 115 150 196 238 252 277 287 290 422 431 445 538 549 558 561 574 841 852 865 872 875 960 981 993 
-977 -955 -929 -925 -899 -838 -837 -833 -777 -666 -658 -646 -610 -600 -594 -580 -570 -454 -385 -356 -269 -252 -240 -205 -175 -156 -19 62 241 246 280 289 296 324 349 433 454 521 590 673 686 690 697 732 777 844 882 887 895 926 945 
-983 -974 -936 -910 -867 -669 -667 -624 -591 -589 -587 -539 -457 -439 -371 -311 -303 -260 -240 -219 -207 -167 -54 -4 76 119 147 179 232 262 284 308 363 399 507 624 635 660 704 705 753 795 813 904 910 911 921 931 946 979 
-869 -865 -786 -784 -715 -710 -686 -671 -666 -543 -480 -404 -377 -368 -326 -237 -213 -183 -171 -141 -127 -113 -101 -92 -14 -13 0 26 89 175 215 275 285 306 350 357 412 430 490 517 566 580 642 653 723 740 829 846 902 987 997 
-953 -880 -758 -593 -591 -582 -542 -540 -443 -427 -414 -355 -316 -265 -262 -164 -131 -111 -77 -52 -29 -3 14 229 263 265 317 358 373 462 501 520 536 564 566 590 661 666 671 676 703 737 744 835 841 849 898 904 919 942 
-981 -922 -918 -881 -855 -702 -700 -677 -597 -575 -571 -531 -522 -469 -448 -436 -409 -357 -329 -303 -275 -246 -245 -221 -217 -209 -162 -152 -37 -4 18 31 35 62 112 123 142 246 283 444 461 510 550 577 684 761 787 845 872 883 923 
-912 -857 -747 -723 -616 -584 -579 -561 -456 -427 -383 -351 -323 -311 -305 -296 -271 -268 -233 -152 -147 -115 -40 -37 -2 15 129 140 252 278 321 356 401 405 432 434 481 493 534 536 639 669 678 715 788 824 831 898 908 936 
-932 -871 -767 -735 -726 -678 -672 -457 -422 -418 -413 -388 -374 -322 -309 -297 -284 -255 -186 -171 -108 -93 -74 -43 9 19 146 182 186 222 261 338 339 363 435 473 511 542 563 609 674 683 700 708 718 746 805 834 844 918 930 
-990 -989 -971 -880 -838 -828 -802 -634 -583 -561 -560 -534 -524 -518 -491 -486 -476 -348 -346 -316 -284 -275 -213 -184 -42 9 70 109 168 217 231 465 484 510 538 552 610 619 650 665 670 680 704 735 763 790 807 890 942 961 
-956 -938 -860 -844 -783 -773 -758 -756 -733 -717 -715 -677 -579 -527 -466 -447 -431 -412 -390 -372 -343 -208 -207 -186 -72 -12 -10 47 64 67 114 132 151 183 224 277 311 356 381 399 413 496 571 578 656 695 715 768 846 974 1000 
-973 -927 -882 -877 -833 -803 -799 -621 -593 -499 -485 -447 -444 -421 -388 -362 -352 -324 -250 -192 -143 -112 -102 -26 7 16 17 19 22 145 148 172 227 233 246 285 376 382 449 482 527 585 602 610 759 773 892 895 970 1000 
-995 -993 -964 -849 -801 -798 -796 -734 -710 -670 -664 -581 -578 -533 -435 -429 -368 -281 -203 -108 -41 -17 21 54 71 95 132 173 180 183 215 229 390 411 493 499 528 581 588 601 642 743 752 770 794 821 823 824 844 890 950 
-968 -955 -941 -809 -730 -716 -668 -564 -559 -550 -527 -520 -399 -335 -266 -237 -222 -182 -160 -127 -124 -115 -20 -11 -1 55 58 94 184 201 206 315 374 384 465 497 550 561 581 587 592 608 677 687 709 770 828 903 911 949 
-920 -897 -886 -826 -825 -768 -715 -651 -641 -580 -526 -503 -473 -453 -442 -436 -419 -416 -347 -336 -320 -288 -210 -167 -166 -144 -104 -96 -50 -48 -27 18 23 187 277 286 351 383 398 442 462 513 523 525 533 557 565 679 699 805 811 
-985 -966 -915 -899 -848 -807 -795 -653 -538 -526 -522 -489 -486 -435 -386 -378 -375 -335 -329 -288 -271 -216 -150 -134 -119 -38 2 18 20 78 110 113 117 221 229 300 307 315 317 353 391 439 497 512 554 664 766 824 911 920 
-900 -683 -599 -582 -570 -564 -533 -511 -502 -460 -439 -381 -354 -352 -323 -296 -257 -99 -70 -19 1 7 21 45 54 56 64 74 75 97 98 102 145 192 201 210 266 282 284 299 312 403 479 484 485 548 618 678 733 791 833 
-996 -946 -939 -862 -818 -726 -724 -664 -663 -595 -588 -576 -564 -548 -515 -445 -439 -407 -362 -344 -340 -331 -323 -319 -309 -175 -117 -79 -46 -43 -38 -30 -12 3 107 157 258 261 330 337 382 535 563 579 594 705 706 803 841 992 
-974 -945 -920 -851 -784 -778 -760 -749 -723 -655 -636 -622 -598 -526 -510 -472 -470 -417 -413 -405 -382 -361 -359 -321 -278 -273 -226 -148 -57 -49 -11 177 205 228 237 252 380 516 526 547 573 668 671 736 839 842 891 899 918 957 960 
-1000 -999 -989 -956 -935 -885 -846 -804 -789 -667 -649 -620 -516 -475 -443 -439 -380 -356 -353 -308 -307 -262 -260 -248 -221 -138 -106 -93 -35 10 30 82 121 167 169 195 268 278 292 295 377 393 605 615 633 761 769 830 973 983 
-995 -993 -988 -968 -888 -864 -710 -700 -650 -643 -529 -510 -497 -462 -455 -440 -406 -340 -331 -327 -304 -232 -217 -196 -187 -146 -145 -52 -51 -45 -37 23 64 83 189 205 213 257 296 317 320 428 449 622 682 689 716 816 834 921 946 
-975 -832 -796 -762 -722 -537 -429 -337 -313 -294 -288 -207 -178 -117 -113 -107 -67 -65 -58 -33 -17 24 30 50 64 159 236 261 274 368 415 422 437 479 502 601 608 723 730 795 810 813 825 844 845 888 890 924 937 988 
-895 -881 -879 -761 -681 -623 -520 -450 -444 -407 -395 -387 -297 -287 -255 -231 -215 -183 -156 -56 -51 -25 33 54 63 70 154 174 175 207 221 222 257 270 308 313 330 345 445 469 491 606 626 714 745 754 829 909 945 959 984 
-988 -912 -894 -887 -880 -856 -818 -745 -660 -621 -615 -542 -530 -455 -419 -412 -394 -362 -351 -299 -202 -168 -123 -103 -80 -35 -27 -14 69 89 111 134 200 248 285 331 337 391 420 430 615 639 642 672 687 735 737 764 782 909 
-956 -946 -848 -805 -790 -761 -740 -719 -716 -692 -651 -623 -510 -473 -462 -457 -442 -287 -280 -229 -127 0 56 65 92 107 114 167 186 241 252 255 269 290 359 396 415 427 485 495 508 534 543 616 671 771 844 854 884 893 923 
-977 -973 -856 -831 -822 -726 -648 -642 -621 -542 -494 -472 -407 -378 -374 -273 -243 -221 -182 -145 -32 -15 54 126 128 231 232 252 318 327 367 368 385 395 398 452 469 581 585 613 664 669 686 763 794 846 854 894 964 970 
-947 -942 -898 -890 -887 -873 -832 -826 -797 -745 -731 -708 -694 -675 -618 -524 -506 -449 -397 -369 -241 -172 -165 -101 -95 -78 -77 -73 -46 3 19 87 131 201 249 251 292 343 439 442 556 574 600 602 656 720 721 765 874 916 972 
-982 -969 -891 -885 -846 -815 -761 -742 -700 -648 -543 -355 -297 -211 -126 -53 -34 -20 25 41 83 160 177 198 255 316 323 343 390 455 518 565 574 615 638 666 681 740 791 792 830 864 874 884 891 902 908 927 928 971 
-858 -855 -814 -798 -784 -767 -765 -664 -623 -482 -479 -388 -349 -308 -283 -262 -256 -151 -131 -110 -63 -26 36 69 77 79 108 143 152 167 194 199 231 256 310 327 389 429 474 478 483 507 732 762 783 818 922 949 958 982 983 
-995 -981 -930 -860 -822 -772 -768 -755 -675 -668 -626 -563 -501 -495 -421 -384 -376 -243 -242 -224 -212 -159 -140 -124 -107 -91 -31 -25 -19 -15 22 25 43 55 82 192 222 326 331 336 418 580 597 618 805 875 906 907 944 949 
-970 -922 -865 -762 -748 -666 -618 -605 -565 -529 -523 -504 -482 -470 -455 -380 -364 -349 -304 -301 -287 -276 -269 -247 -240 -222 -211 -209 -189 -126 -103 -93 -79 -73 -33 32 45 158 159 175 254 311 341 403 468 483 710 826 956 964 975 
-952 -920 -913 -875 -849 -816 -758 -721 -705 -630 -610 -577 -448 -422 -378 -369 -355 -348 -322 -262 -236 -127 -107 -78 -46 31 35 107 261 287 331 344 364 382 390 451 472 651 689 701 723 732 742 766 769 779 783 802 817 859 
-985 -938 -836 -820 -818 -686 -665 -621 -596 -582 -560 -545 -544 -540 -517 -512 -466 -405 -260 -208 -200 -168 -148 -36 10 55 58 99 104 162 199 284 324 340 357 402 404 442 499 507 511 512 525 535 617 672 694 796 843 855 867 
-992 -966 -855 -834 -817 -797 -772 -729 -710 -701 -698 -671 -628 -576 -498 -458 -367 -357 -325 -311 -235 -135 -27 2 85 122 209 214 219 256 270 410 419 428 462 535 541 559 581 591 596 631 661 749 824 832 876 877 880 987 
-758 -703 -579 -556 -402 -391 -376 -348 -326 -210 -208 -175 -75 -60 -59 -41 -22 -4 47 49 59 92 110 194 220 242 247 258 272 286 307 373 415 452 475 479 511 583 585 606 611 689 763 772 775 797 806 820 865 867 934 
-964 -963 -939 -885 -772 -645 -610 -496 -490 -475 -140 -131 -121 -106 -55 -51 -29 -17 4 11 26 75 101 103 112 145 153 159 161 242 295 312 322 335 377 401 409 471 476 565 644 754 831 833 885 897 916 928 930 955 
-996 -995 -992 -986 -984 -886 -842 -711 -674 -659 -524 -486 -473 -416 -385 -300 -296 -290 -289 -251 -204 -202 -170 -80 -40 -25 12 33 49 79 96 124 129 196 198 216 278 341 367 384 399 522 533 605 633 652 711 823 857 865 995 
-989 -842 -836 -829 -786 -748 -742 -672 -495 -492 -438 -342 -310 -301 -262 -165 -148 -97 -91 -66 107 110 143 144 153 243 263 275 293 319 336 359 369 396 399 464 523 536 589 682 692 734 735 803 854 905 938 942 986 991 
-950 -947 -889 -863 -848 -843 -835 -808 -793 -789 -788 -658 -632 -626 -610 -595 -578 -529 -476 -439 -322 -271 -146 -85 -73 -46 -35 15 105 140 164 167 190 209 277 306 406 409 414 416 534 535 561 634 653 676 722 747 851 907 985 
-985 -907 -874 -837 -830 -796 -692 -674 -615 -546 -493 -411 -342 -331 -311 -210 -199 -161 -155 -148 -142 -134 -129 -44 -27 82 135 145 209 233 250 280 303 400 421 438 487 508 539 547 578 651 789 852 870 885 933 971 979 992 
-991 -915 -855 -820 -771 -765 -754 -728 -724 -665 -655 -635 -601 -578 -571 -528 -291 -253 -223 -213 -171 -113 -97 -11 31 45 93 181 190 240 285 291 338 372 404 408 462 482 489 501 562 571 664 744 753 813 834 838 894 900 903 
-982 -980 -977 -967 -922 -918 -906 -902 -892 -858 -764 -763 -655 -604 -555 -520 -433 -392 -314 -311 -301 -141 -126 -112 -27 98 137 167 218 254 282 283 374 423 459 489 493 520 533 634 735 743 752 793 829 854 912 964 971 984 
-940 -903 -739 -702 -689 -660 -647 -606 -600 -585 -583 -535 -484 -479 -459 -446 -333 -101 -47 36 50 56 85 86 90 94 129 188 205 220 263 277 325 351 376 455 552 577 602 613 672 680 706 742 748 754 764 766 780 790 974 
-974 -944 -908 -782 -754 -694 -679 -650 -635 -629 -547 -540 -523 -510 -502 -475 -449 -422 -415 -395 -356 -346 -336 -333 -270 -256 -229 -192 -117 -97 -76 -34 105 116 120 154 162 212 271 336 359 364 382 478 562 635 725 745 835 858 
-987 -970 -920 -898 -897 -854 -812 -802 -767 -758 -394 -380 -315 -307 -292 -280 -215 -205 -184 -169 -166 -148 -125 -122 -121 -120 -89 -79 88 142 181 222 280 310 350 399 406 417 452 523 533 611 637 641 650 661 662 696 781 856 875 
-994 -910 -887 -878 -768 -737 -726 -670 -639 -629 -600 -568 -511 -503 -468 -445 -418 -406 -384 -346 -259 -241 -130 -123 -26 -4 15 118 121 175 296 307 310 375 409 411 420 425 437 541 583 617 619 644 692 707 744 748 753 918 
-1000 -947 -943 -924 -874 -842 -742 -696 -655 -626 -602 -582 -488 -463 -452 -338 -332 -213 -209 -181 -144 -113 -95 -83 -25 -9 21 95 111 116 123 195 229 308 312 383 428 479 556 570 573 652 695 727 768 847 856 865 895 933 941 
-883 -877 -866 -856 -847 -803 -695 -653 -626 -595 -583 -581 -554 -535 -497 -491 -473 -454 -327 -176 -165 -159 -117 -66 -46 -20 62 152 176 200 244 280 321 324 485 491 493 541 560 573 601 634 652 679 716 779 791 871 888 973 
-998 -994 -966 -930 -786 -757 -744 -721 -672 -619 -611 -605 -594 -526 -428 -421 -397 -362 -349 -279 -265 -248 -243 -211 -193 -174 -132 -131 -124 -109 -31 192 224 401 424 438 552 562 572 598 607 609 649 687 743 780 835 874 896 940 995 
-950 -880 -872 -826 -812 -743 -731 -726 -697 -672 -649 -619 -614 -610 -591 -573 -508 -434 -366 -313 -269 -184 -68 5 38 86 98 156 186 209 226 257 298 301 331 332 353 385 494 544 604 675 691 740 798 849 853 865 881 989 
-989 -937 -897 -851 -762 -738 -723 -717 -648 -597 -464 -457 -397 -380 -378 -266 -265 -257 -235 -228 -179 -152 -147 -121 -47 7 33 61 275 281 374 396 423 472 522 532 588 589 599 611 639 649 657 687 701 720 786 789 795 856 931 
-980 -840 -822 -805 -782 -761 -757 -727 -723 -685 -645 -604 -583 -512 -442 -440 -404 -378 -272 -238 -236 -182 -181 -173 -89 6 17 64 113 144 162 271 327 410 451 478 497 507 521 641 661 780 783 799 814 826 847 911 977 982 
-993 -957 -877 -844 -827 -796 -793 -737 -718 -679 -673 -644 -628 -624 -606 -605 -578 -446 -421 -406 -405 -327 -174 -149 107 205 216 221 258 350 367 420 472 498 511 565 604 624 645 660 705 711 762 810 815 896 901 935 984 990 996 
-995 -893 -801 -785 -773 -766 -758 -756 -699 -657 -596 -580 -450 -404 -320 -304 -289 -284 -245 -244 -207 -184 -142 -110 -79 -76 4 37 175 269 309 327 357 450 471 484 543 544 574 602 662 670 687 722 846 884 918 943 954 962 
-956 -941 -849 -839 -830 -829 -780 -762 -675 -666 -631 -557 -544 -521 -483 -478 -475 -465 -441 -432 -427 -420 -377 -340 -240 -136 -99 11 31 97 121 124 161 177 200 230 270 353 375 411 519 580 623 639 642 646 679 718 745 764 888 
-951 -933 -930 -880 -859 -829 -811 -778 -751 -738 -730 -723 -704 -636 -615 -496 -450 -430 -365 -358 -315 -286 -285 -277 -276 -210 -202 116 150 160 176 179 238 242 310 362 449 469 513 525 552 686 716 731 785 807 842 940 949 970 
-960 -955 -939 -931 -927 -793 -792 -716 -654 -641 -624 -566 -510 -461 -459 -393 -360 -240 -224 -197 -171 -167 -92 -74 -52 47 70 88 92 155 166 236 258 264 277 282 318 325 404 515 531 555 605 669 678 705 726 803 839 897 992 
-949 -846 -788 -754 -676 -656 -570 -552 -503 -339 -338 -336 -178 -175 -117 -79 -78 -58 -33 -20 -18 13 98 110 131 171 176 207 217 276 304 316 338 354 355 378 392 420 435 437 445 488 533 588 672 676 686 862 888 901 
-992 -978 -864 -756 -731 -727 -697 -660 -622 -595 -539 -496 -481 -457 -453 -421 -412 -264 -228 -34 -12 53 69 81 91 164 196 205 237 254 368 389 439 553 570 590 605 606 637 646 669 689 692 707 760 790 847 863 935 965 999 
-985 -972 -907 -890 -851 -840 -802 -682 -645 -638 -592 -553 -459 -429 -423 -255 -228 -199 -172 -139 -78 -54 -53 -46 5 160 178 207 229 321 349 367 383 423 424 441 476 484 527 565 591 654 655 695 820 826 861 920 976 978 
-998 -988 -883 -856 -848 -813 -741 -664 -644 -548 -488 -486 -472 -411 -354 -299 -263 -251 -249 -167 -117 -111 -103 -83 -16 16 190 234 257 347 353 446 492 498 506 536 567 663 677 708 712 759 762 769 800 818 842 873 898 956 960 
-971 -939 -856 -797 -693 -639 -623 -545 -539 -497 -468 -391 -371 -364 -290 -285 -181 -132 -114 -108 -73 -62 -33 33 35 46 52 63 131 152 168 180 188 248 507 525 671 708 748 788 793 802 809 836 848 864 891 904 919 935 
-930 -876 -786 -598 -597 -560 -494 -456 -396 -373 -336 -286 -271 -248 -238 -156 -154 -148 -140 -111 -106 -59 8 49 105 170 203 225 263 274 343 353 383 391 543 593 658 666 670 686 700 737 745 835 837 890 916 918 941 974 988 
-935 -922 -876 -826 -637 -616 -540 -498 -465 -444 -417 -398 -369 -364 -248 -236 -178 -155 -128 -39 -33 -20 67 101 114 124 138 158 179 211 228 283 444 591 625 626 658 669 703 708 727 749 772 801 808 815 841 864 865 972 
-943 -920 -904 -901 -884 -879 -878 -848 -830 -829 -802 -773 -715 -708 -597 -569 -479 -451 -429 -198 -184 -163 -87 -77 9 35 53 75 128 143 144 148 285 359 386 421 441 459 464 516 527 553 568 579 614 659 677 698 777 909 983 
-992 -971 -923 -870 -857 -855 -824 -797 -766 -764 -626 -593 -589 -521 -463 -458 -452 -365 -281 -220 -208 -152 -15 2 17 43 152 198 275 333 339 377 432 463 500 577 615 642 690 705 707 715 747 779 787 822 842 852 913 930 
-974 -876 -838 -795 -748 -732 -723 -666 -640 -530 -495 -470 -332 -304 -268 -243 -218 -181 -176 -126 -87 -64 21 74 92 149 177 203 246 277 285 334 336 353 389 401 440 453 467 508 529 533 622 644 756 827 950 987 989 994 995 
-994 -959 -912 -802 -742 -687 -635 -580 -553 -499 -474 -466 -455 -397 -330 -313 -301 -298 -296 -216 -135 -104 -102 -96 14 15 43 71 90 131 200 291 316 351 414 448 490 553 641 651 658 733 775 826 829 887 902 916 936 945 
-989 -985 -980 -866 -832 -760 -709 -650 -622 -614 -600 -418 -375 -334 -327 -286 -284 -137 -32 8 20 58 63 105 108 125 132 164 187 242 244 277 289 338 347 388 390 394 404 438 461 564 620 680 682 717 836 854 860 863 906 
-984 -939 -924 -905 -875 -784 -599 -589 -518 -512 -511 -434 -399 -331 -322 -290 -285 -234 -151 -136 -105 -63 -43 -21 8 13 177 208 223 263 303 400 473 476 524 537 722 731 732 736 774 784 800 842 872 908 915 931 938 940 
-956 -897 -883 -872 -812 -786 -778 -691 -673 -613 -598 -597 -593 -526 -521 -465 -352 -228 -227 -36 7 21 119 153 200 239 281 300 314 324 327 329 378 399 450 493 515 529 543 585 603 635 663 708 711 772 778 781 916 962 970 
-979 -894 -869 -808 -772 -762 -759 -695 -682 -594 -559 -551 -531 -483 -465 -444 -388 -375 -366 -321 -155 -126 -46 63 74 82 108 117 190 257 284 339 359 366 381 489 552 556 558 574 683 703 757 799 858 908 959 961 982 983 
-989 -968 -892 -754 -716 -598 -581 -571 -518 -510 -482 -456 -386 -371 -307 -301 -278 -263 -259 -256 -208 -178 -143 -138 -119 -5 45 78 90 251 271 320 401 421 443 479 505 559 563 612 725 762 777 793 815 828 866 902 940 953 970 
-998 -922 -881 -789 -771 -758 -741 -689 -621 -605 -511 -461 -459 -450 -436 -398 -379 -360 -293 -256 -207 -187 -162 -161 -96 -64 50 156 174 180 220 247 311 325 380 384 443 487 526 613 618 663 671 713 757 877 917 929 947 970 
-982 -909 -898 -897 -868 -803 -768 -723 -716 -615 -599 -575 -573 -521 -512 -481 -480 -401 -358 -351 -350 -296 -231 -211 -186 -152 -150 -120 -85 -58 -24 63 226 237 266 320 324 338 376 436 458 650 736 741 748 792 833 857 859 969 971 
-979 -971 -940 -920 -855 -845 -808 -746 -616 -609 -537 -498 -463 -410 -396 -374 -350 -324 -321 -145 -111 -83 -26 -14 22 78 91 143 152 187 228 293 304 326 458 534 537 557 561 580 633 636 712 772 780 804 807 842 890 923 
-904 -894 -710 -661 -658 -626 -586 -542 -516 -492 -452 -430 -343 -335 -291 -223 -110 -96 7 38 61 69 165 166 179 183 203 242 264 274 305 330 331 342 343 398 452 478 481 584 609 671 725 726 813 880 922 945 963 993 994 
-957 -830 -810 -803 -737 -699 -690 -666 -618 -573 -551 -509 -506 -451 -352 -284 -276 -178 -172 -149 -7 0 25 26 61 92 121 143 188 205 274 332 335 353 392 395 600 617 649 658 814 816 833 835 899 903 915 937 949 994 
-927 -919 -881 -852 -847 -836 -783 -782 -659 -621 -528 -456 -179 -153 -121 -107 -42 -4 22 31 54 120 157 167 182 198 203 204 206 211 213 244 373 381 389 459 475 488 557 574 597 609 623 652 700 701 735 745 781 791 792 
-982 -930 -928 -915 -905 -813 -726 -674 -507 -502 -499 -478 -430 -423 -368 -337 -306 -295 -173 -123 -88 -85 -38 22 45 46 56 69 88 127 164 226 359 391 443 444 453 500 681 700 765 772 822 855 863 874 889 916 975 998 
-962 -865 -864 -847 -791 -781 -717 -647 -588 -578 -456 -431 -367 -327 -296 -286 -279 -224 -162 -147 -61 -41 7 16 34 63 71 110 124 187 188 210 253 284 306 368 388 423 451 483 563 583 629 720 729 736 823 898 915 940 984 
-952 -879 -871 -731 -716 -698 -682 -668 -632 -623 -621 -612 -605 -586 -547 -536 -516 -470 -429 -428 -301 -286 -263 -198 -82 54 126 156 159 204 217 224 302 317 366 372 400 462 493 637 642 660 689 691 697 734 771 828 872 1000 
-966 -907 -902 -804 -675 -628 -607 -582 -552 -526 -507 -246 -199 -174 -171 -118 16 34 42 47 102 108 113 173 234 249 259 313 315 377 389 423 453 506 526 545 551 579 602 716 719 789 813 846 853 898 904 916 921 942 943 
-898 -889 -879 -746 -719 -679 -658 -510 -501 -457 -441 -419 -406 -390 -355 -316 -272 -254 -252 -113 -110 -100 -72 -62 -44 -43 -21 79 160 202 233 257 306 317 322 326 344 354 452 475 495 548 615 629 680 793 882 891 923 958 
-980 -969 -929 -857 -852 -848 -788 -757 -655 -643 -619 -569 -491 -478 -475 -431 -425 -410 -362 -315 -243 -230 -191 -151 -82 -69 -16 37 57 135 173 177 223 269 323 332 477 500 562 586 600 621 699 744 746 896 960 965 966 978 999 
-884 -850 -815 -814 -796 -761 -654 -651 -612 -579 -499 -476 -446 -445 -423 -415 -393 -338 -269 -263 -49 -9 36 113 167 277 287 291 323 335 343 441 444 464 519 546 593 610 681 693 725 753 760 762 814 847 861 868 940 957 
-883 -835 -782 -672 -650 -607 -563 -548 -459 -455 -360 -353 -298 -282 -227 -147 -128 -99 -85 -75 -28 -12 -10 -6 12 29 75 116 145 195 256 295 340 365 392 393 396 474 504 514 520 533 661 695 711 742 804 844 857 967 998 
-942 -859 -827 -792 -791 -750 -704 -689 -685 -642 -631 -596 -445 -432 -395 -378 -356 -323 -315 -297 -285 -236 -191 -189 -185 -150 -120 10 63 75 76 84 87 110 234 253 258 275 396 501 503 508 567 591 625 699 707 767 896 967 
-887 -815 -746 -733 -730 -728 -654 -490 -467 -425 -407 -352 -327 -318 -311 -301 -298 -268 -256 -254 -247 31 58 79 85 88 101 116 175 207 232 243 260 293 298 336 385 466 481 490 494 632 668 676 697 720 740 749 788 900 936 
-1000 -997 -996 -936 -923 -920 -911 -896 -877 -876 -855 -630 -565 -537 -526 -426 -341 -340 -329 -282 -185 -113 -39 30 79 205 206 238 257 311 324 327 345 390 431 494 503 522 595 611 617 627 661 698 784 822 857 906 941 954 
-872 -865 -849 -754 -745 -731 -722 -683 -530 -460 -427 -386 -359 -228 -175 -170 -127 -91 -65 -54 -38 -20 -15 -10 2 29 54 59 136 150 177 213 316 317 325 338 449 478 484 599 618 658 703 737 752 786 810 831 887 975 997 
-990 -829 -748 -741 -726 -669 -657 -527 -525 -466 -380 -353 -352 -265 -262 -205 -192 -183 -178 -176 -134 -101 -88 -34 -33 27 64 95 107 200 330 335 344 411 428 465 521 551 609 647 651 664 673 683 706 714 836 970 984 999 
-995 -964 -962 -957 -908 -897 -866 -855 -841 -733 -720 -690 -640 -599 -587 -501 -491 -445 -441 -419 -382 -273 -237 -217 -197 -117 -44 -9 13 18 188 226 237 275 289 319 321 355 445 480 490 511 590 650 690 707 729 874 913 939 971 
