29
    100000000000000      50000000000000
    100000000000000      60000000000000
    100000000000000      70000000000000
    100000000000000      80000000000000
    100000000000000      90000000000000
    100000000000000     100000000000000
   1000000000000000     500000000000000
   1000000000000000     600000000000000
   1000000000000000     700000000000000
   1000000000000000     800000000000000
   1000000000000000    1000000000000000
  10000000000000000    5000000000000000
  10000000000000000    6000000000000000
  10000000000000000    7000000000000000
  10000000000000000    8000000000000000
  10000000000000000    9000000000000000
  10000000000000000   10000000000000000
 100000000000000000   50000000000000000
 100000000000000000   60000000000000000
 100000000000000000   70000000000000000
 100000000000000000   80000000000000000
 100000000000000000   90000000000000000
 100000000000000000  100000000000000000
1000000000000000000  500000000000000000
1000000000000000000  600000000000000000
1000000000000000000  700000000000000000
1000000000000000000  800000000000000000
1000000000000000000  900000000000000000
1000000000000000000 1000000000000000000
