51
558545864083284006 6
558545864083284006 7
558545864083284006 8
558545864083284006 48
558545864083284006 49
558545864083284006 50
558545864083284006 342
558545864083284006 343
558545864083284006 344
558545864083284006 2400
558545864083284006 2401
558545864083284006 2402
558545864083284006 79792266297612000
558545864083284006 79792266297612001
558545864083284006 79792266297612002
558545864083284006 558545864083284006
558545864083284007 6
558545864083284007 7
558545864083284007 8
558545864083284007 48
558545864083284006 49
558545864083284007 50
558545864083284007 342
558545864083284007 343
558545864083284007 344
558545864083284007 2400
558545864083284007 2401
558545864083284007 2402
558545864083284007 79792266297612000
558545864083284007 79792266297612001
558545864083284007 79792266297612002
558545864083284007 558545864083284006
558545864083284007 558545864083284007
558545864083284008 6
558545864083284008 7
558545864083284008 8
558545864083284008 48
558545864083284006 49
558545864083284008 50
558545864083284008 342
558545864083284008 343
558545864083284008 344
558545864083284008 2400
558545864083284008 2401
558545864083284008 2402
558545864083284008 79792266297612000
558545864083284008 79792266297612001
558545864083284008 79792266297612002
558545864083284008 558545864083284006
558545864083284008 558545864083284007
558545864083284008 558545864083284008
