100
2229666317743643 1118262766414521
45739167492658 41167640312868
4986344025944500 23963741014711
790997456877761509 628056326865886541
368186814572744207 261965085525917056
214839132772718543 1334642670906973
542229666317743643 192818581424039941
611826276641452189 329809952697848569
91981429847159343 8545739167492658
461676403128681665 351313201072370365
278612080499085416 217774185928985863
159408781762339593 27694873080006878
571441616991034254 394968664786931562
142901598109548968 107354686925695748
440092595705799783 324541187241547343
639010617596919411 496521386732057223
55851263153735984 6213224489177123
859071173112924544 159897516410953591
796826897144932413 68025366104719653
787934825178629524 80616411314958983
562371905280622532 58934046863820218
835614744143104575 212357970227228336
216760109195899164 154079891894638048
636797094024464030 154715213532014466
735864547703305340 546204277846771326
328191222084872289 224881807569536873
144681700296140831 17604323670224348
363949014743594333 67115107894025255
932997685782173017 107739910278663397
842788704966896646 382465068271091816
964555641357142114 333064158666702878
344169634082103272 54104393657042609
334861323400157026 94952535717183334
423960428932023746 126181359772764856
693849074377951014 37701655217501185
724562625278570099 459266838648463298
107593514062941368 68602212448405565
847520786949828709 440062225175654821
45500338399108099 26300077220182197
304172169277537273 213402412676681807
968798043814101909 258270307927439644
754189875331786009 501405070167389325
564493681491477295 180904786671746278
868575407470151220 815250689104783190
244276582630866823 205573595445421742
394467274189673367 252616274378107874
23765242269050603 11413630780685725
452094305505316513 197585216501502435
279255074780958063 198767831365581688
735889400655286099 416266011568888907
498618533438979771 422989600965534176
197252367043393936 14866867394055273
707607739607940552 374314904458106284
604592321234330080 423637463216489455
90587093639645712 71606909530270863
378399822110478630 74930023039643166
315974334523400234 255392291266269937
553746053549372546 264392075442981902
45795329165423307 16738409792968710
245385959777032551 183681831374052089
718838537155603518 629210551553249256
337985504214129843 143880648430582664
980347308552737503 439293486401415488
85969348562881972 46568191034879245
194023160798304625 65578519283048955
952150647332640686 414184549312107210
906614255604930067 147462682286666710
48420347591409955 13218526600613977
788833997903607339 405738478729951266
625146260687161606 393308101042441739
241149882522696891 38037817701060894
690241330703858529 683971933792379703
351309623364395843 106489390672233798
845189127833709880 38527638868801589
227415644876963994 225346989477364200
150778751450760978 71453393715552340
775241911701717376 558434026179518052
376289888140822848 302765598677793583
430350465312880960 314505910724153892
490516988577726527 297120870355049213
802457407130941131 442826683882628045
913453304849302497 240065903947656132
967902459883262086 190643044730929533
692846373072066751 88001854715565701
605735353246708568 91505902359146731
854805237393060154 414875623163241341
513066055985230427 210850518990767248
949000129432246644 842561634467028945
949988789922605766 524373801214118634
191699516354046248 117928821233429820
453242896381502925 258625601898135230
831304448912849329 399874841511271649
184701715644298850 131922613763470030
830144793609411654 765875149605910994
570786263724523037 89868991960042649
268385577178742113 214402355217898902
930425405268562485 815502665227106876
464695923067317557 285115276182267761
481836688652491803 85461494257274571
596346479441166185 426225056137834334
