500
2025 488
1055 367
1744 1624
399 203
1557 50
493 64
3105 2082
3686 2936
2163 1144
2017 1846
959 821
3128 436
3257 1174
157 36
1004 129
2008 1646
3600 2319
2925 1367
866 335
1894 451
4480 2117
2699 1706
1838 121
79 21
4401 3735
1675 1215
3157 454
579 288
1716 1598
137 78
3818 3145
1350 151
1060 453
2634 346
2428 1902
3358 1145
4146 735
2002 1297
3957 3766
795 50
1057 1034
2624 1955
1221 569
3122 1458
4222 33
1869 1230
3530 238
3163 2696
2203 904
24 24
3516 1832
2915 1054
2931 1653
4823 1436
1309 401
1820 933
3286 2188
71 9
4507 3040
4227 2258
196 15
3646 811
2201 1339
123 69
1538 847
364 45
4836 3099
4824 3695
2563 1543
2812 2624
2409 1168
4985 634
1858 341
4530 1458
4667 520
4827 87
563 192
2124 816
4167 1568
4351 3168
77 63
1646 598
2549 2410
303 52
1454 16
1179 1128
3658 1553
3992 3715
2655 1354
1484 706
2990 2103
1705 968
2734 2335
1848 1287
3308 133
3637 2368
2342 978
3637 3386
2760 2100
2061 202
27 15
2480 2223
1707 1302
2141 2032
4385 2223
3702 2012
2427 773
2487 1228
1269 1230
2259 1090
2242 527
657 342
2086 1876
2793 2663
80 3
3207 309
1969 1828
2971 634
2455 367
1439 492
2527 2460
1696 1171
4228 875
4804 2416
262 199
3315 989
3883 2045
3850 3261
3000 1182
3167 392
363 164
4918 2902
1934 153
2005 708
83 34
430 278
3762 2003
972 508
3573 1046
3502 675
794 352
1567 591
4994 988
954 447
988 172
4603 749
4584 3647
4942 1953
4914 3142
4044 1979
903 286
3695 1895
1347 536
1454 1359
3830 3
717 152
2845 244
576 301
3396 1847
1720 739
2904 183
93 9
2170 528
3778 76
4417 4207
1078 675
2692 155
2413 2299
1251 61
746 620
726 13
1394 962
1970 1719
4257 1042
51 0
4862 2883
3541 1739
4531 2896
2546 312
345 318
2862 1261
1600 926
549 237
4074 4052
1135 593
445 388
1102 867
2925 1129
1399 978
3070 906
636 77
1713 500
1333 196
2888 2516
1935 1666
3606 3041
4708 2205
3258 2029
3607 2747
3615 544
1623 1547
1550 663
3086 2649
3852 461
4792 2431
2718 752
2320 965
3252 2184
3943 3775
4407 608
1544 737
793 670
3470 2021
358 16
887 557
1882 1363
1002 1000
4506 3989
1407 1245
3746 1875
892 277
2856 1357
3864 102
2108 608
4736 2569
1338 350
4875 3776
3645 2954
4300 3335
3436 3173
1578 607
2856 1284
113 0
4417 857
2176 344
1191 457
4045 886
4367 2849
2343 533
4416 1823
4174 4130
1947 1756
2958 214
16 10
1770 927
2980 258
2457 2231
3297 1660
3355 3133
2757 1431
3205 1049
3977 727
3691 2687
3427 3202
266 64
4809 3430
917 670
1538 91
268 56
1096 615
24 0
2889 1612
2162 1628
2434 2406
2213 931
853 550
124 102
490 162
4120 3141
729 256
4937 4607
3265 2905
2845 505
564 427
1911 1503
1509 572
3378 1295
342 303
4995 4144
1820 1225
3798 25
2488 1556
2986 1855
4471 1132
2425 236
3727 2479
1884 315
4549 3909
3983 2905
3439 1859
882 213
3182 92
4975 316
2474 1417
3242 133
4354 1148
4739 4564
1610 1110
2510 151
1034 553
2115 502
3152 3074
2109 1229
1944 1853
2230 1491
4516 2034
2225 1877
4954 4016
3416 1711
544 530
24 3
3694 1173
1998 313
2805 494
849 287
2218 773
4862 723
2322 1152
4970 1046
4609 717
4883 2477
2451 2007
4126 130
3987 3341
3604 3305
364 116
3742 3026
2245 1082
3634 2719
1731 953
340 119
4549 3673
4310 33
12 0
2028 1995
4718 3149
4868 2726
640 72
613 492
41 33
1882 1605
3034 1523
2330 692
1793 1299
2122 1742
414 280
1398 839
648 199
965 129
1563 1395
596 293
1639 1072
4182 2208
3294 2507
856 481
3744 1085
4904 1088
1353 1086
3630 2946
3168 550
4444 1427
2645 2380
4918 111
1211 225
3351 1254
3826 3348
2941 2134
2590 927
3497 1329
3046 2779
1964 508
2347 837
2441 2119
768 638
2352 2158
2982 1402
90 88
3732 437
3094 202
1961 390
397 120
4712 2724
620 176
4813 2221
995 217
3976 71
2225 1231
2186 1303
1419 32
2884 990
378 199
378 308
219 70
1342 211
3280 1774
911 30
205 86
170 64
2444 89
3155 227
1675 448
3368 414
2041 1649
516 68
972 185
433 286
597 371
2005 1259
2335 1916
4364 186
2436 1926
4402 691
2471 389
4138 727
3543 760
1698 583
807 505
2170 686
2223 541
2771 1804
3417 617
2788 768
1442 242
1125 948
2284 225
2049 595
771 725
478 220
2477 793
2944 61
3822 475
4178 1490
751 83
1196 962
4251 4108
4440 1214
4646 1469
1622 3
1287 1194
985 381
1184 641
3964 2377
3544 1779
3498 2515
2800 2503
653 293
2020 833
540 148
2820 123
1350 447
1867 372
4900 1708
3469 1104
4484 3169
4812 3793
687 300
4146 3393
1241 677
3429 2378
2313 1314
3642 2026
1205 997
988 983
822 303
4402 1631
1812 712
2195 1469
3385 353
695 650
1731 9
4780 3383
287 176
4303 4197
1004 932
1798 1745
881 328
3915 2382
996 22
2723 2175
244 231
1302 30
3585 1445
4788 990
113 43
3139 538
1466 270
1288 909
4415 18
1526 1058
4293 1952
1701 1545
1071 153
73 8
2886 2385
1997 1244
3080 1701
2312 1999
2590 645
4971 3982
3425 2586
2798 1732
3134 345
1272 1087
1116 35
3119 2678
233 218
2332 1019
4707 3270
2715 1911
4412 3599
429 28
2039 1097
3945 1194
3758 1086
785 209
1108 1029
519 36
4534 984
2876 2034
3967 3065
3007 2561
4742 3836
3287 1805
2062 1731
3807 24
3285 1944
1429 928
3476 579
4949 2694
3182 2235
2975 1934
3087 2901
3401 2805
4552 630
3975 2893
659 140
4825 3825
3620 2231
1726 454
4388 3347
4434 2130
4635 2643
153 0
968 900
3841 2323
427 322
4151 2969
857 856
625 79
2378 255
3228 2690
4939 4486
1446 92
4394 1110
1997 7
560 130
4413 1223
3329 114
1908 682
626 530
1238 905
1099 430
1768 649
1529 1192
4433 2176
2317 131
3018 2923
4007 127
260 25
3855 1345
1820 1681
4959 792
1186 264
2079 1495
2864 1071
2274 1590
2973 2136
383 277
165 58
152 2
580 179
2024 934
2670 2139
3938 1794
896 730
3630 570
2759 479
118 57
2315 1764
2799 816
37 20
3993 1430
2412 2118
3474 1815
1215 209
2176 1211
2959 472
2478 939
3679 923
2108 1672
385 126
1427 5
2294 31
3923 2162
1229 1202
1810 1007
3984 3721
3582 1125
1250 478
484 200
1103 5
1435 412
3768 597
276 241
4218 2689
548 4
506 187
4759 2460
2183 1491
4583 4472
1527 51
455 323
4281 2526
1610 1558
381 232
4068 1001
3460 1189
1723 1103
2805 71
4338 3786
106 95
4127 559
837 34
2465 842
4892 3219
3591 604
126 5
2511 2477
452 280
4518 2593
4025 264
3287 692
3987 89
735 604
3930 138
4092 1018
1660 1198
3868 3067
1951 1457
3205 2197
4664 2448
4800 2828
2009 958
1358 1203
124 119
3507 3278
1544 1264
792 757
3973 2256
2027 482
1420 923
1102 736
3247 1755
4987 4320
1189 923
4127 1354
3568 1941
719 48
3026 1312
3042 1056
3542 3437
2556 152
1983 1182
1917 1330
2144 1755
4189 259
2508 620
2730 564
3783 3345
3488 1854
4174 1336
2999 2130
531 334
2487 799
953 766
1473 599
716 481
1038 402
1029 437
1917 244
2985 263
669 291
4320 1039
1399 137
146 79
1987 701
774 402
116 110
1678 128
1550 163
2726 1576
4458 2604
1622 1509
4521 1287
470 225
693 543
3291 520
1454 104
3068 1064
969 505
1655 1369
3832 2643
1170 41
505 44
1054 953
3391 1614
1098 387
4545 2356
4161 2867
2040 1441
1465 496
3880 2506
1518 1218
4646 2759
3823 2263
1737 1335
3354 2069
3683 2243
1175 730
1529 613
2578 1929
2352 1350
2588 983
1794 1695
4171 2055
88 79
3396 377
888 564
935 928
4819 3185
3574 1771
2324 1269
3583 465
1574 920
1553 849
1757 632
4920 1374
1591 1363
3278 2279
2188 1176
926 819
653 104
2430 1515
4026 2325
2681 412
1063 896
4383 3994
2248 1800
3878 1491
2709 114
4388 832
2860 1215
172 82
1323 796
4213 3177
175 155
1135 732
1773 1422
4726 3135
2790 176
3168 3096
1345 390
1431 1296
3233 1351
1230 1147
1185 346
3283 2358
3147 1284
3664 2237
2323 874
179 69
3235 2813
4268 2757
768 464
3138 2687
3156 737
703 649
2465 442
1869 245
4488 618
2559 362
216 27
4410 2320
1662 942
529 76
3647 3459
1234 747
2683 1001
2219 1679
2165 1335
4977 100
2613 2040
2036 273
2504 895
4632 1470
3871 2356
272 262
3140 2742
980 701
3364 785
3488 3372
2242 671
3469 197
2732 991
2789 1816
567 166
1689 405
478 309
2024 831
4522 2158
3249 2865
167 113
4996 651
2585 514
2088 846
1079 408
4546 1109
513 348
1587 1560
2359 1375
4826 3650
941 439
888 43
2002 107
3505 748
3554 1554
1995 840
1940 911
205 96
1110 199
467 401
4215 302
1550 281
3835 1906
127 14
3869 1420
524 100
156 65
3091 195
625 559
2713 1923
4061 1092
3016 1429
4502 2122
993 147
791 225
2246 1617
2187 325
4413 2141
4283 2280
1656 1193
2542 2062
4125 1308
3102 712
4036 2186
250 48
4774 1659
2124 539
1098 20
3795 3766
3520 1015
2442 589
1842 956
933 10
878 695
1026 609
3092 1043
1966 1411
1316 133
2221 1132
2030 1138
2162 1611
3652 130
1904 493
3498 1220
2132 115
2032 1333
3152 2322
1175 652
1288 1083
2084 1456
2794 2350
4960 4562
1077 1077
1777 912
1687 685
1501 1031
4396 1642
4299 2075
286 43
1836 1702
2825 695
1720 1298
4413 1558
3047 70
1988 1412
637 631
785 201
1723 395
3168 556
2497 452
1189 1035
2033 1795
1646 988
4282 2402
4963 3509
1187 685
419 54
983 177
1169 535
2732 2246
3056 333
3387 2664
1185 204
1601 1295
1183 949
3780 2038
2903 2674
5000 4039
1725 1631
544 209
4102 2129
4867 4016
2108 129
906 821
3037 2838
4910 4825
2818 846
1757 115
1986 507
2730 2683
2272 13
4301 3138
3202 2530
362 273
4127 898
1250 658
2686 2662
2149 1429
1532 900
100 59
193 188
88 37
3054 423
3220 900
4753 3367
1165 869
3426 1629
993 81
2283 1615
2575 309
2667 2396
3431 995
1188 1002
2918 1009
2520 289
3506 2581
1609 1240
1011 336
230 106
2757 2177
4611 2181
1875 1054
2645 2383
76 17
1417 353
4485 2578
4722 4178
2558 436
4464 2741
3008 2121
3286 815
3386 2674
3395 2947
1348 270
3886 1126
2463 193
1725 463
2304 1514
3461 2470
10 5
1383 837
4100 1579
1999 1741
2446 604
902 827
4067 3291
22 0
2785 2181
4565 1372
