16
20
2 2 3 3 3 3 4 4 5 5 5 6 6 6 7 7 7 8 8 8
21
2 2 2 3 3 3 4 4 5 5 5 6 6 7 7 7 7 8 8 8 8
22
2 2 3 3 3 3 4 4 4 5 5 5 6 6 7 7 7 7 7 7 8 8
23
2 2 3 3 3 4 4 4 4 4 5 5 5 5 5 6 6 6 7 7 7 8 8
24
2 2 2 3 3 3 3 3 4 4 4 4 5 5 5 6 6 6 6 7 7 7 8 8
25
2 2 2 3 3 3 3 4 4 4 5 5 5 5 5 6 6 6 6 7 7 7 8 8 8
26
2 2 2 2 3 3 3 3 4 4 4 5 5 5 5 6 6 6 7 7 7 8 8 8 8 8
27
2 2 2 3 3 3 3 4 4 4 4 5 5 5 5 6 6 6 6 7 7 7 7 7 8 8 8
28
2 2 2 2 2 3 3 3 3 3 4 4 4 5 5 5 5 5 6 6 6 6 7 7 7 7 8 8
29
2 2 2 2 2 3 3 3 3 3 4 4 4 4 4 4 4 4 5 5 5 5 6 6 6 7 7 8 8
30
2 2 2 2 2 3 3 3 3 3 3 3 4 4 4 4 4 4 5 5 5 5 6 6 6 7 7 7 8 8
31
2 2 2 2 2 3 3 3 3 3 3 4 4 4 4 4 4 4 5 5 5 5 6 6 6 7 7 7 8 8 8
32
2 2 2 2 3 3 3 3 3 4 4 4 4 4 4 4 4 5 5 5 5 5 6 6 6 6 7 7 7 7 8 8
33
2 2 2 2 3 3 3 3 3 3 3 3 4 4 4 4 5 5 5 5 6 6 6 7 7 7 7 7 7 7 7 8 8
34
2 2 2 2 2 2 2 3 3 3 3 3 3 4 4 4 4 4 5 5 5 5 5 6 6 6 6 6 6 7 7 7 8 8
35
2 2 2 2 2 3 3 3 3 3 4 4 4 4 4 4 4 5 5 5 5 5 5 5 5 6 6 6 7 7 7 7 7 8 8
