200 200
20399 14793 28781 13080 9984 2177 6528 15977 7853 19671 25001 24754 6344 18405 4006 26505 1824 21644 16869 10865 2743 22805 10649 10659 10102 31768 31757 2574 24608 8349 3640 4764 20101 28034 20115 3767 3064 25629 4391 14860 32258 18977 25066 6542 23384 27334 20811 26046 32011 29476 28428 27178 20479 28128 26448 32308 31390 8715 30197 31509 2765 22855 9251 21282 16415 20780 1061 11853 17993 23530 24440 12270 29655 29743 2850 18884 24861 18507 22085 16438 27503 146 18164 17375 30869 17665 6469 17482 3705 17957 13480 24570 4899 19769 2935 5550 18663 6031 6350 6883 23261 305 28828 31641 3474 17095 5626 26458 26621 18107 3004 20345 26805 22940 21318 15000 7009 14784 19874 29036 8815 18990 13007 26821 2313 27834 4955 3272 28996 18290 6196 20863 29339 31033 29883 11413 15517 434 16154 23642 20962 24672 8919 8205 28483 12043 8618 17755 29514 15205 22156 12067 23016 25581 28433 14716 8294 15380 20215 7929 9630 15262 4607 17196 23147 32076 24571 1640 22110 20664 18217 1739 9395 9088 4287 29308 23939 1446 17351 20274 24379 19767 18989 23286 15436 7467 27671 27177 12580 21389 5492 26312 13918 8924 6616 21743 821 23216 27271 156
2 83 102
1 92 109
2 48 147
1 40 121
2 71 149
1 94 109
2 13 75
1 85 129
2 71 94
1 24 70
2 22 51
1 6 95
2 6 59
1 79 108
2 81 138
1 29 33
2 30 77
1 42 111
2 64 99
1 49 117
2 45 80
1 14 50
2 9 50
1 32 111
2 81 140
1 89 159
2 88 178
1 16 92
2 75 138
1 7 14
2 28 117
1 38 42
2 13 102
1 28 78
2 69 111
1 94 184
2 24 74
1 36 89
2 11 43
1 89 120
2 27 49
1 50 133
2 94 108
1 19 54
2 73 116
1 4 28
2 76 131
1 61 86
2 55 149
1 93 138
2 70 128
1 60 106
2 72 165
1 12 21
2 7 97
1 88 179
2 99 126
1 82 95
2 40 135
1 59 126
2 13 24
1 68 125
2 26 109
1 35 77
2 48 62
1 78 106
2 23 92
1 11 88
2 17 53
1 77 90
2 74 160
1 74 165
2 54 82
1 86 142
2 6 21
1 47 69
2 5 98
1 12 53
2 91 147
1 71 119
2 16 53
1 42 119
2 37 53
1 78 84
2 19 108
1 63 126
2 62 141
1 27 39
2 85 164
1 85 182
2 56 131
1 39 66
2 27 42
1 15 23
2 33 40
1 58 132
2 15 33
1 6 98
2 30 125
1 38 103
2 38 104
1 60 149
2 80 94
1 38 79
2 43 52
1 60 79
2 2 97
1 64 150
2 85 95
1 75 94
2 33 61
1 19 19
2 65 120
1 46 82
2 39 125
1 6 104
2 66 147
1 41 124
2 81 172
1 4 50
2 51 128
1 50 149
2 41 91
1 26 78
2 25 34
1 16 77
2 52 143
1 23 73
2 22 64
1 61 158
2 52 108
1 39 69
2 95 147
1 81 176
2 32 90
1 60 136
2 63 148
1 16 23
2 47 81
1 32 84
2 17 35
1 19 101
2 33 125
1 46 71
2 70 150
1 44 107
2 2 29
1 1 93
2 81 117
1 1 8
2 84 106
1 19 73
2 29 60
1 45 122
2 13 74
1 3 93
2 3 46
1 56 119
2 67 145
1 99 139
2 61 133
1 42 89
2 7 44
1 63 128
2 12 68
1 20 79
2 39 79
1 100 148
2 35 91
1 14 19
2 84 180
1 26 112
2 54 115
1 86 93
2 32 82
1 7 26
2 80 172
1 60 84
2 1 48
1 1 4
2 77 119
1 12 33
2 12 37
1 28 67
2 64 132
1 91 168
2 15 42
1 70 139
2 74 158
1 98 112
2 15 111
1 33 64
2 9 59
1 61 127
2 62 99
1 36 113
2 62 86
1 73 132
2 67 138
1 71 157
